[Lightmap]
day_weight = 0.100000
day_night_type = 3
sun_color = 255, 255, 255
ambient = 0, 0, 0
sun_color_night = 128, 128, 128
ambient_night = 0, 0, 0
hardware_lightmap = 0
software_high_speed = 0
software_tree_shadow = 1
software_building_shadow = 1

[Speed]
camera_speed = 200.000000
npc_speed = 20.000000
translate_speed = 100.000000
rotate_speed = 50.000000

[Fog]
fog_enable_day = 0
fog_start_day = 50.000000
fog_end_day = 2000.000000
fog_color_day = 192, 192, 192
fog_enable_night = 1
fog_start_night = 50.000000
fog_end_night = 2000.000000
fog_color_night = 231, 97, 24

